0 0.65625 0.425 0.1609375 0.08515625
0 0.659375 0.5046875 0.16171875 0.046875
0 0.6546875 0.47578125 0.16171875 0.04140625
0 0.47578125 0.375 0.0671875 0.046875
0 0.575 0.37890625 0.13359375 0.04921875
0 0.5484375 0.50390625 0.075 0.0484375
0 0.5421875 0.47265625 0.059375 0.0359375
0 0.540625 0.4421875 0.06328125 0.0359375
0 0.54140625 0.4140625 0.06484375 0.0328125
0 0.4828125 0.49140625 0.07421875 0.034375
0 0.478125 0.4390625 0.075 0.03359375
0 0.475 0.4109375 0.0734375 0.034375
0 0.475 0.46015625 0.075 0.0328125